	315637337,
	193329823,
	436161279,
  1572306,
  3695369,
  4104513,
  5973263,
  6304313,
  7418245,
  7892536,
  8014145,
  8556818,
  10284761,
  10626395,
  11420815,
  12292664,
  12875203,
  12913438,
  13523514,
  13780550,
  13881660,
  13939817,
  14066145,
  14089301,
  14355974,
  15265874,
  15847650,
  18301686,
  18386609,
  21760997,
  21927058,
  22747925,
  23020449,
  23510662,
  23911640,
  24299034,
  24824373,
  26838207,
  27296972,
  28476435,
  29054890,
  31325205,
  31752384,
  33873936,
  34093264,
  34283167,
  34314025,
  35354384,
  35402056,
  35872318,
  36480831,
  36565351,
  36838580,
  37686007,
  38388552,
  39262320,
  41028397,
  44273619,
  45217884,
  45499323,
  45737311,
  45772835,
  46386720,
  46434761,
  46989574,
  47168310,
  47197740,
  47259483,
  47287438,
  48132759,
  48333205,
  50308222,
  50634565,
  51645451,
  51817825,
  51983514,
  53025236,
  53150490,
  53643993,
  53831601,
  53851279,
  55197070,
  55405720,
  55809241,
  55997512,
  56088541,
  56443555,
  56551003,
  56660284,
  56975817,
  57152144,
  57176766,
  58007816,
  58197455,
  58402301,
  59456826,
  59957487,
  59975944,
  61103053,
  61820971,
  63043375,
  63774204,
  64841322,
  65476882,
  65534849,
  66176926,
  66344798,
  66522846,
  67066460,
  67273069,
  67330242,
  67483824,
  67554033,
  67613250,
  67716624,
  67803650,
  68178965,
  68182389,
  68882302,
  69413457,
  69465694,
  70133934,
  70257806,
  70265580,
  71156729,
  71525302,
  71533068,
  72678411,
  73170164,
  73629962,
  73730154,
  74266346,
  74616357,
  75158338,
  75226090,
  75295751,
  75372362,
  75373019,
  75718542,
  76732442,
  76844953,
  77106105,
  77284389,
  78504631,
  78894994,
  79567840,
  79572181,
  79744887,
  79779570,
  79892881,
  80768672,
  80824776,
  81063381,
  81173405,
  81231445,
  81256493,
  81700401,
  81857656,
  82039419,
  82731291,
  82777403,
  83477797,
  83485086,
  83695633,
  83709003,
  83797344,
  83951612,
  84029038,
  84355976,
  84572932,
  84593939,
  84991111,
  86465543,
  86508363,
  86703093,
  86986122,
  87431399,
  87444941,
  87806572,
  87834240,
  88004437,
  88436408,
  89113828,
  89427023,
  90160396,
  90208731,
  90337686,
  90351145,
  90505143,
  90692327,
  91131166,
  91148489,
  91222817,
  91385066,
  91588825,
  91702540,
  91723142,
  91875812,
  92054065,
  92060792,
  92558785,
  92776898,
  92960653,
  93132818,
  93157246,
  93438345,
  93472230,
  93566928,
  93825415,
  94187839,
  94316810,
  94602239,
  94888645,
  95059284,
  95120690,
  95355713,
  95388616,
  95674771,
  95738698,
  96311482,
  96525937,
  96715532,
  97206824,
  97789071,
  97909139,
  97973103,
  97986042,
  98034975,
  98128903,
  98255177,
  98297601,
  98543968,
  98703798,
  98712722,
  98885965,
  99151973,
  99253801,
  99329743,
  99598768,
  100230511,
  100352399,
  100832973,
  101147137,
  101481278,
  101658544,
  101738915,
  101858987,
  102136811,
  102181419,
  102194768,
  102325284,
  102407623,
  102469086,
  102600785,
  102820890,
  103095275,
  103161003,
  103167581,
  103393501,
  104152652,
  104337160,
  105082436,
  105440845,
  105733905,
  106356472,
  106398115,
  106747430,
  106952004,
  107017499,
  107922801,
  107923282,
  108008242,
  108219742,
  108372306,
  108483223,
  108589208,
  108660768,
  108706308,
  109183931,
  109328427,
  109462019,
  109762356,
  110118287,
  110199456,
  110242623,
  110425463,
  110462457,
  110534526,
  110580092,
  111128371,
  112019621,
  112064887,
  112622834,
  112787760,
  112864366,
  112886980,
  112963915,
  112987162,
  113015838,
  113019557,
  113195330,
  113359556,
  113942853,
  114045998,
  114075452,
  114165490,
  114626659,
  114905089,
  114934757,
  115262828,
  115366757,
  115378030,
  115984287,
  116255052,
  116367138,
  116410047,
  116440206,
  116453375,
  116477706,
  116619555,
  116650069,
  116707836,
  116921519,
  117299120,
  117628648,
  117979740,
  117994517,
  118083005,
  118262853,
  118559452,
  119208345,
  119614812,
  120201309,
  120581716,
  120821989,
  121424899,
  121686807,
  122300832,
  122309643,
  122591840,
  123231962,
  123496823,
  123615558,
  123728279,
  123924843,
  124047454,
  124285145,
  124326722,
  124374250,
  124602116,
  124642545,
  124851387,
  124885985,
  124907012,
  125293981,
  125577403,
  125578429,
  125931717,
  126124800,
  126236302,
  126427285,
  126606807,
  126616152,
  126633322,
  126858779,
  126923475,
  127051210,
  127064744,
  127231147,
  127290656,
  127492127,
  127527534,
  127546323,
  127590877,
  127944527,
  128188125,
  128526634,
  128528332,
  128541783,
  128637511,
  128792203,
  128819488,
  128931123,
  128945619,
  128960727,
  128976419,
  129073294,
  129134338,
  129471706,
  129484355,
  129675559,
  129941572,
  130121171,
  130197894,
  130291008,
  130297302,
  130387927,
  130391987,
  130421220,
  130431562,
  130486427,
  130853133,
  131237669,
  131367311,
  131448898,
  131451735,
  131548112,
  131735558,
  131953176,
  132049581,
  132155838,
  132408555,
  132470818,
  132510152,
  132649874,
  132677605,
  132684151,
  132905535,
  132987204,
  133071561,
  133078355,
  133300029,
  133766952,
  133775576,
  133823155,
  134011475,
  134134899,
  134237543,
  134401688,
  134572539,
  134586082,
  134622085,
  134750342,
  134831487,
  134903952,
  135137835,
  135242380,
  135421102,
  135422030,
  135431487,
  135571580,
  135679987,
  136403990,
  136587132,
  136971372,
  137020268,
  137078988,
  137185773,
  137502797,
  137542932,
  137568379,
  137579869,
  137610603,
  137927916,
  138096672,
  138121159,
  138323852,
  138497709,
  138561114,
  138596778,
  138652794,
  139207746,
  139491234,
  139794135,
  140010140,
  140146262,
  140220216,
  140345241,
  140637155,
  140728516,
  140803881,
  140827430,
  140946706,
  141069355,
  141073190,
  141123978,
  141282749,
  141348350,
  141365645,
  141531521,
  141655957,
  141753261,
  141962760,
  142198377,
  142320805,
  142436272,
  142531707,
  142741964,
  142773851,
  143013524,
  143115687,
  143306124,
  143481045,
  143576332,
  143581605,
  143694718,
  143708507,
  143747998,
  144119525,
  144157837,
  144236227,
  144284128,
  144297753,
  144734960,
  144784098,
  145014137,
  145031228,
  145108926,
  145184683,
  145209253,
  145227454,
  145230416,
  145282100,
  145363590,
  145555183,
  145787988,
  145811442,
  145815680,
  145986459,
  146020847,
  146094490,
  146325019,
  146348828,
  146428191,
  146456718,
  146540504,
  146543365,
  146815335,
  146993061,
  147003601,
  147043044,
  147104704,
  147118238,
  147192273,
  147263151,
  147283626,
  147317208,
  147840029,
  147904555,
  147908455,
  147927412,
  148029403,
  148049678,
  148179815,
  148353020,
  148571409,
  148948491,
  148961858,
  148990370,
  149154417,
  149318756,
  149402006,
  149500261,
  149526860,
  149594366,
  149742271,
  149991581,
  150015471,
  150096309,
  150187083,
  150381072,
  150401467,
  150580234,
  150621658,
  150834059,
  151001127,
  151156088,
  151509381,
  151577572,
  151594787,
  151646217,
  151758842,
  151780890,
  151942579,
  152021895,
  152046599,
  152103288,
  152226621,
  152453598,
  152498139,
  152549294,
  152564675,
  152598560,
  152679769,
  152681210,
  152926446,
  153021798,
  153178425,
  153242962,
  153276831,
  153317962,
  153367927,
  153395838,
  153517274,
  153822864,
  153850788,
  153871957,
  153950079,
  154079765,
  154510673,
  154541428,
  154542922,
  154905816,
  155021867,
  155233519,
  155265657,
  155322577,
  155326820,
  155365683,
  155518180,
  156008425,
  156084733,
  156178381,
  156211185,
  156302454,
  156328322,
  156355432,
  156619524,
  156670417,
  156672160,
  156685092,
  156699505,
  156826088,
  156876312,
  157036896,
  157102926,
  157280558,
  157313014,
  157335584,
  157361518,
  157628737,
  157775095,
  157876976,
  158156765,
  158188634,
  158221645,
  158407613,
  158643974,
  159132584,
  159157257,
  159187494,
  159244028,
  159263523,
  159275750,
  159359905,
  159391497,
  159535873,
  159569905,
  159691026,
  159724780,
  159783255,
  159789976,
  159874205,
  159879054,
  159947618,
  160101918,
  160124793,
  160219740,
  160426699,
  160545486,
  160784771,
  160788622,
  160886500,
  160914392,
  161002093,
  161137109,
  161220258,
  161221860,
  161309123,
  161620054,
  161794454,
  161820121,
  161889477,
  161927486,
  162034929,
  162190377,
  162393964,
  162836547,
  163019234,
  163117763,
  163140039,
  163327115,
  163527360,
  163803087,
  164030881,
  164192946,
  164536886,
  164551867,
  164917513,
  165276767,
  165326094,
  165365314,
  165602297,
  165643811,
  165657454,
  166072644,
  166276735,
  166283608,
  166361224,
  166400191,
  166490879,
  166493714,
  166527037,
  166578526,
  166610103,
  166757437,
  166836794,
  166863485,
  166908796,
  166987713,
  167242874,
  167315423,
  167411208,
  167430064,
  167545514,
  167948960,
  167961262,
  168071422,
  168075273,
  168210909,
  168249950,
  168335062,
  168373044,
  168381663,
  168631860,
  168978547,
  169121597,
  169149523,
  169374502,
  169376164,
  169502057,
  169613345,
  169636995,
  169699588,
  169727477,
  169796876,
  169908966,
  170103329,
  170320624,
  170551683,
  170825638,
  170843282,
  170988526,
  171023237,
  171038792,
  171223872,
  171333225,
  171372268,
  171385388,
  171426727,
  171615674,
  171628656,
  171639084,
  172184401,
  172265466,
  172335403,
  172456751,
  172588121,
  172619482,
  172690229,
  172730230,
  172914369,
  173356962,
  173360594,
  173381165,
  173383151,
  173675638,
  173693223,
  173705045,
  173805520,
  173842636,
  173867391,
  173884275,
  173946583,
  174006536,
  174128693,
  174166492,
  174223849,
  174225396,
  174230922,
  174416500,
  174449185,
  174455142,
  174592334,
  174625123,
  174645897,
  174663126,
  174706959,
  174815094,
  174828708,
  175160134,
  175352245,
  175428523,
  175471831,
  175501574,
  175580087,
  175700385,
  175744386,
  175827131,
  175832663,
  175860825,
  175962284,
  175996891,
  176334425,
  176379740,
  176424277,
  176531331,
  176595187,
  176667372,
  176817790,
  176929555,
  177193254,
  177287023,
  177607647,
  177667185,
  177796261,
  178105125,
  178420649,
  178508088,
  178567879,
  178916378,
  178990593,
  179221970,
  179374560,
  179398038,
  179400514,
  179512908,
  179623286,
  179691927,
  179811587,
  179853164,
  179870928,
  179894302,
  179900826,
  180045081,
  180196851,
  180216145,
  180249792,
  180257831,
  180271533,
  180284395,
  180349065,
  180405845,
  180461594,
  180475688,
  180488971,
  180541590,
  180578080,
  180723412,
  180825440,
  180868267,
  180899548,
  180927016,
  181270560,
  181349986,
  181480044,
  181480103,
  181528374,
  181541824,
  181604511,
  181620855,
  181883823,
  182149029,
  182161005,
  182239400,
  182296880,
  182761633,
  182857990,
  183002254,
  183022957,
  183180019,
  183206247,
  183413502,
  183531561,
  183533599,
  183566358,
  183584953,
  183684934,
  183697582,
  183799375,
  183824440,
  183829599,
  184013114,
  184054144,
  184144635,
  184165079,
  184240737,
  184301660,
  184304157,
  184494191,
  184633625,
  184789182,
  184968641,
  185059622,
  185259222,
  185403627,
  185421952,
  185583409,
  185585107,
  185594143,
  185691280,
  185703768,
  185703769,
  185814856,
  185838682,
  185911647,
  186037664,
  186074588,
  186166577,
  186178473,
  186184894,
  186196899,
  186266015,
  186471616,
  186587427,
  186666446,
  186770774,
  186836458,
  186990807,
  186995327,
  187001919,
  187008427,
  187143719,
  187275794,
  187324611,
  187381857,
  187625925,
  187683761,
  187823177,
  187935363,
  188121593,
  188219104,
  188248936,
  188308105,
  188370896,
  188487389,
  188532002,
  188537354,
  188899185,
  188908337,
  188915776,
  188922140,
  188997947,
  189094323,
  189105691,
  189158352,
  189189364,
  189282604,
  189400989,
  189435784,
  189560506,
  189594404,
  189606625,
  189822663,
  189932408,
  189982894,
  190184040,
  190300192,
  190452765,
  190455504,
  190469218,
  190491575,
  190546461,
  190598337,
  190724082,
  190771247,
  190859525,
  190928138,
  190930802,
  191011261,
  191017860,
  191186235,
  191191323,
  191216439,
  191226210,
  191258744,
  191303159,
  191368722,
  191469777,
  191688513,
  191757674,
  191773525,
  191816976,
  192014628,
  192206120,
  192254555,
  192553075,
  192855206,
  192885955,
  192906615,
  192958308,
  192969682,
  193223978,
  193228125,
  193237311,
  193244502,
  193362719,
  193485082,
  193686155,
  193852433,
  193874640,
  193916225,
  193932301,
  194215975,
  194399879,
  194586876,
  194638884,
  194698787,
  194730675,
  194863795,
  194881243,
  194890877,
  195015644,
  195303113,
  195386462,
  195669565,
  195831710,
  195932405,
  196029421,
  196051753,
  196245837,
  196394892,
  196433207,
  196595466,
  196602750,
  196621648,
  196626967,
  196917702,
  197039740,
  197159557,
  197201080,
  197203195,
  197355192,
  197493386,
  197571588,
  197628899,
  197677966,
  197687327,
  197704155,
  197773804,
  197774693,
  197795898,
  197878965,
  197945175,
  198061487,
  198155527,
  198160448,
  198225296,
  198237283,
  198318629,
  198386084,
  198449267,
  198637131,
  198776139,
  198874284,
  198890789,
  198999139,
  199022428,
  199141476,
  199173892,
  199263963,
  199327101,
  199345573,
  199346309,
  199480589,
  199482744,
  199512626,
  199574951,
  199654868,
  199885654,
  199944388,
  200091210,
  200126859,
  200178885,
  200203790,
  200211240,
  200342606,
  200461805,
  200466380,
  200502138,
  200565841,
  200582322,
  200710510,
  200717400,
  200725896,
  200917831,
  201154848,
  201222469,
  201277436,
  201334085,
  201366937,
  201367311,
  201444604,
  201471963,
  201473606,
  201478681,
  201498979,
  201549673,
  201713368,
  201724275,
  202285747,
  202395790,
  202408787,
  202522043,
  202545351,
  202546488,
  202733919,
  202892866,
  202984234,
  203055985,
  203100410,
  203103474,
  203265376,
  203352878,
  203394494,
  203420710,
  203452269,
  203533347,
  203648040,
  203669047,
  203676297,
  203767973,
  203811940,
  203951479,
  203978887,
  204379207,
  204504364,
  204506067,
  204651352,
  204725392,
  204858146,
  204865857,
  204976724,
  205045094,
  205162365,
  205425399,
  205451769,
  205568560,
  205601899,
  205673387,
  205788979,
  205827876,
  205859619,
  206023356,
  206056760,
  206367241,
  206406528,
  206426100,
  206464991,
  206491679,
  206662852,
  206664748,
  206727370,
  206871399,
  206912614,
  207137662,
  207171066,
  207256980,
  207267980,
  207361627,
  207664804,
  207784144,
  207809350,
  207833057,
  207993748,
  208061905,
  208108502,
  208120578,
  208239717,
  208247812,
  208443661,
  208512712,
  208623668,
  208753299,
  208824186,
  208946825,
  208981299,
  209018308,
  209055609,
  209269975,
  209388922,
  209452192,
  209495728,
  209720595,
  209759843,
  209890489,
  209998023,
  210029578,
  210256118,
  210288239,
  210382067,
  210408723,
  210467181,
  210543836,
  210633572,
  210754570,
  211169033,
  211366338,
  211377076,
  211573514,
  211611997,
  211668413,
  211836482,
  212045983,
  212142768,
  212143524,
  212144556,
  212398200,
  212500178,
  212533147,
  212719647,
  212863401,
  212965957,
  212977716,
  213030821,
  213086285,
  213295689,
  213296214,
  213389510,
  213407047,
  213440302,
  213526747,
  213537153,
  213562915,
  213657279,
  213696246,
  213699426,
  213705476,
  213720251,
  213756740,
  213792644,
  213818754,
  213844041,
  213886494,
  213889067,
  213920781,
  213967826,
  213993586,
  214038397,
  214080808,
  214147899,
  214163753,
  214174102,
  214502112,
  214836668,
  215255167,
  215327233,
  215335811,
  215391195,
  215398453,
  215424027,
  215543966,
  215785053,
  215805001,
  215827695,
  215888902,
  215952670,
  216033223,
  216054780,
  216187274,
  216275892,
  216278653,
  216461160,
  216506326,
  216585399,
  216588630,
  216588877,
  216619611,
  216629865,
  216707715,
  216949168,
  216965001,
  217034122,
  217038887,
  217044967,
  217055468,
  217060015,
  217131919,
  217247488,
  217602225,
  217790545,
  217872878,
  217877326,
  217988354,
  218226665,
  218333660,
  218353329,
  218541084,
  218557570,
  218709580,
  218846316,
  218849971,
  218898992,
  218978410,
  218997377,
  219073253,
  219075100,
  219195982,
  219279786,
  219357353,
  219423156,
  219597247,
  219769656,
  219857278,
  219861246,
  219882335,
  220191156,
  220348679,
  220396498,
  220566341,
  220869028,
  220967787,
  221051148,
  221076560,
  221093806,
  221378074,
  221443852,
  221585107,
  221617296,
  221635871,
  221641725,
  221677868,
  221784710,
  221786915,
  221911059,
  222003380,
  222037018,
  222200886,
  222237942,
  222348209,
  222353574,
  222413782,
  222445624,
  222517260,
  222852236,
  222916385,
  222938903,
  222946752,
  222952010,
  222958960,
  223416031,
  223591331,
  223736974,
  223872741,
  223900782,
  223907107,
  223980820,
  223998420,
  224077282,
  224079755,
  224208960,
  224244472,
  224268161,
  224380321,
  224425965,
  224456606,
  224487527,
  224526299,
  224774657,
  224795916,
  224833919,
  224844393,
  224848489,
  224965201,
  225242920,
  225265741,
  225319994,
  225627062,
  225655823,
  225700021,
  225757830,
  225799323,
  225817121,
  225858013,
  225899991,
  226212983,
  226403420,
  226439891,
  226613955,
  226649729,
  226793828,
  226847818,
  226871311,
  226889509,
  226955993,
  227063235,
  227067677,
  227068819,
  227221680,
  227223253,
  227653706,
  227674612,
  227694997,
  227715680,
  227839611,
  227886445,
  227936164,
  227991704,
  228364835,
  228378643,
  228383226,
  228413184,
  228453066,
  228499314,
  228732384,
  228810780,
  228824292,
  228913415,
  229173572,
  229215314,
  229346343,
  229414529,
  229441656,
  229451014,
  229528781,
  229633619,
  229747094,
  229873212,
  229888170,
  229958693,
  230027963,
  230084615,
  230134571,
  230274336,
  230420501,
  230443316,
  230498812,
  230545669,
  230577789,
  230606940,
  230620143,
  230699464,
  230783349,
  230811168,
  231055322,
  231055497,
  231201142,
  231451859,
  231471960,
  231615064,
  231728284,
  232126101,
  232136386,
  232213093,
  232407064,
  232523266,
  232568269,
  232629837,
  232703036,
  232831540,
  232863869,
  232952980,
  232995804,
  233028133,
  233055549,
  233057104,
  233117087,
  233168217,
  233172746,
  233211973,
  233596720,
  233707050,
  233759334,
  233761262,
  233928905,
  234023800,
  234134403,
  234154496,
  234283621,
  234335008,
  234373667,
  234389046,
  234395174,
  234557102,
  234646950,
  234692620,
  234708806,
  234740564,
  234780017,
  234790534,
  234930685,
  235052259,
  235131310,
  235319017,
  235332912,
  235389479,
  235494319,
  235660663,
  235681941,
  235817206,
  235866350,
  235902686,
  236148383,
  236175503,
  236237052,
  236495692,
  236510009,
  236535801,
  236707397,
  236746934,
  236757475,
  236781787,
  236783003,
  236792617,
  236884113,
  236929156,
  236986785,
  236997804,
  237186254,
  237280161,
  237288909,
  237457816,
  237622676,
  237758741,
  237835919,
  237836796,
  237917146,
  237932011,
  238004500,
  238129636,
  238194855,
  238245143,
  238292509,
  238319561,
  238507705,
  238585342,
  238769331,
  238834924,
  238932806,
  239053173,
  239088962,
  239645608,
  239840943,
  239855910,
  239919319,
  239919689,
  239957044,
  239969267,
  240154726,
  240318046,
  240494532,
  240505764,
  240561004,
  240677048,
  240690245,
  240952324,
  240979993,
  241114122,
  241189674,
  241192129,
  241337719,
  241481395,
  241586678,
  241591724,
  241624825,
  241651616,
  241707818,
  241716471,
  241759942,
  241773886,
  241914633,
  241936867,
  242232784,
  242591371,
  242885347,
  242890695,
  242924889,
  243312673,
  243402150,
  243426645,
  243546494,
  243753695,
  243833012,
  243861634,
  243936451,
  243974809,
  244000325,
  244150887,
  244195719,
  244221129,
  244352778,
  244417295,
  244432166,
  244457840,
  244502059,
  244808106,
  244870586,
  245094928,
  245113361,
  245151008,
  245176257,
  245475110,
  245554099,
  245601508,
  245697827,
  245788428,
  245821770,
  245854728,
  245905777,
  246032765,
  246156564,
  246190138,
  246232470,
  246500477,
  246746877,
  247068957,
  247076718,
  247179966,
  247241005,
  247310892,
  247570803,
  247668113,
  247786286,
  248378937,
  248453145,
  248454024,
  248506425,
  248660807,
  248861696,
  249022225,
  249075548,
  249227658,
  249549573,
  249565792,
  249810777,
  249856873,
  250091399,
  250723649,
  250729512,
  250773512,
  250884728,
  250917319,
  250970345,
  251287373,
  251577472,
  251611011,
  251722209,
  251792933,
  251876500,
  251893292,
  251978028,
  252042723,
  252128067,
  252444894,
  252547077,
  252552862,
  252887810,
  253029682,
  253097591,
  253159726,
  253241858,
  253404669,
  253709557,
  253721632,
  253787884,
  253867711,
  253884532,
  253905170,
  254168087,
  254420809,
  254437042,
  254454716,
  254490931,
  254588832,
  254590815,
  254637177,
  254637736,
  254698116,
  254754566,
  254925692,
  254972633,
  254994628,
  255252313,
  255265779,
  255409121,
  255639966,
  255704185,
  255713958,
  255874711,
  256197139,
  256548134,
  256728785,
  256866153,
  256888562,
  257456429,
  257720003,
  257860957,
  258291095,
  258367537,
  258389216,
  258414056,
  258468807,
  258523337,
  258780676,
  258963949,
  259137753,
  259174084,
  259180038,
  259208102,
  259236211,
  259319525,
  259355181,
  259610288,
  259851693,
  259877573,
  260048660,
  260063969,
  260126062,
  260192490,
  260218708,
  260317208,
  260403781,
  260438437,
  260484404,
  260521260,
  260649465,
  260919660,
  260947668,
  260955962,
  261088434,
  261178324,
  261395459,
  261415969,
  261659261,
  261893057,
  261899547,
  261928607,
  261969799,
  261980116,
  262177625,
  262326867,
  262395884,
  262519029,
  262903975,
  262943074,
  263008797,
  263011069,
  263144090,
  263282243,
  263333276,
  263692633,
  263797874,
  263968383,
  264253632,
  264414287,
  264458392,
  264476293,
  264791043,
  264809811,
  264820522,
  264971893,
  264982809,
  265342625,
  265422101,
  265490244,
  265505379,
  265535860,
  265544945,
  265721361,
  266005211,
  266041147,
  266072877,
  266111188,
  266118164,
  266372075,
  266535392,
  266776898,
  267084858,
  267213065,
  267230121,
  267261455,
  267545823,
  267563274,
  267595939,
  267733270,
  267838951,
  268028553,
  268100315,
  268151094,
  268193046,
  268206103,
  268223973,
  268523092,
  268556656,
  268558895,
  268581092,
  268854816,
  268908055,
  269079944,
  269319239,
  269332643,
  269337664,
  269461296,
  269466958,
  269472948,
  269491945,
  269598044,
  269617206,
  269710006,
  269812418,
  270004306,
  270089373,
  270092133,
  270095466,
  270178164,
  270276023,
  270353943,
  270747110,
  271204466,
  271217110,
  271257834,
  271365560,
  271622899,
  271708105,
  271795964,
  271834824,
  272022745,
  272070606,
  272077777,
  272098874,
  272127520,
  272181220,
  272259169,
  272283818,
  272421885,
  273008764,
  273195453,
  273199991,
  273423182,
  273662895,
  273694695,
  273749843,
  273940802,
  274012451,
  274046595,
  274126280,
  274174139,
  274263852,
  274489939,
  274605041,
  274797825,
  274847994,
  274916897,
  274931988,
  274977563,
  275210098,
  275315967,
  275327708,
  275338926,
  275367728,
  275391491,
  275516879,
  275538819,
  275569704,
  275649517,
  275717690,
  275731756,
  275870491,
  275905586,
  275908209,
  275981946,
  275988308,
  276068461,
  276172216,
  276205252,
  276216980,
  276324744,
  276400498,
  276622556,
  276634962,
  276696900,
  276752267,
  277014517,
  277036292,
  277069935,
  277152447,
  277231897,
  277437715,
  277626331,
  277637276,
  277658216,
  277737125,
  277743193,
  277811464,
  277826702,
  277885885,
  277926166,
  277953890,
  277977010,
  278167557,
  278184135,
  278191843,
  278222120,
  278273735,
  278385047,
  278424542,
  278902306,
  278906490,
  279194206,
  279425017,
  279567185,
  279736054,
  279813569,
  280252130,
  280307873,
  280529824,
  280608409,
  281064570,
  281096857,
  281147890,
  281208054,
  281229788,
  281235009,
  281262155,
  281321016,
  281368167,
  281408143,
  281423531,
  281445498,
  281498629,
  281595456,
  281768071,
  281794634,
  281873132,
  281951399,
  282034173,
  282281096,
  282317732,
  282615315,
  282655590,
  282691200,
  282905859,
  282949364,
  283238326,
  283371897,
  283527518,
  283641399,
  283710089,
  283748777,
  283808126,
  283846966,
  283988068,
  284036906,
  284296263,
  284397546,
  284431191,
  284513785,
  284553587,
  284627147,
  284655414,
  284693942,
  284728220,
  284757320,
  284791228,
  284794254,
  284813756,
  284828671,
  284951523,
  285016585,
  285060405,
  285138629,
  285143940,
  285488434,
  285530218,
  285836176,
  285979006,
  286234593,
  286567809,
  286668021,
  286721532,
  286842941,
  286895639,
  286907714,
  287053743,
  287149484,
  287160220,
  287216358,
  287255642,
  287285343,
  287308967,
  287410899,
  287427059,
  287434828,
  287461176,
  287583262,
  287996494,
  288191001,
  288246940,
  288331921,
  288477206,
  288556690,
  288683140,
  288825097,
  289446671,
  289476918,
  289509568,
  289556827,
  289643187,
  289792728,
  289823357,
  290125561,
  290260165,
  290487372,
  290551410,
  290677621,
  290937366,
  290966375,
  291004435,
  291239343,
  291520854,
  291690005,
  291884660,
  291887711,
  291955174,
  291990515,
  292032176,
  292111402,
  292385724,
  292433333,
  292453615,
  292468608,
  292482683,
  292630845,
  292869863,
  293074428,
  293463241,
  293465652,
  293484839,
  293527179,
  293548722,
  293752931,
  293815180,
  293953599,
  294574691,
  294711831,
  295117115,
  295287401,
  295301745,
  295326938,
  295472596,
  295510509,
  295886881,
  296061096,
  296142020,
  296285087,
  296312884,
  296320267,
  296434255,
  296538793,
  296678005,
  296774513,
  296903212,
  296919827,
  296975805,
  296988176,
  297032944,
  297069031,
  297089754,
  297481221,
  297627890,
  297667695,
  297723043,
  297924119,
  298005446,
  298132401,
  298144860,
  298254492,
  298450918,
  298509190,
  298534085,
  298595710,
  298891526,
  299135637,
  299143239,
  299147482,
  299203047,
  299435861,
  299646361,
  299753323,
  299834546,
  299874355,
  299909154,
  300050070,
  300128537,
  300255186,
  300557680,
  300789797,
  300834399,
  301251811,
  301442217,
  301488009,
  301726228,
  301758252,
  302145331,
  302151049,
  302197347,
  302331565,
  302479756,
  302582543,
  302640317,
  302658984,
  303107481,
  303122631,
  303208294,
  303230937,
  303286103,
  303377912,
  303411714,
  303893217,
  303984804,
  304096042,
  304248320,
  304454669,
  304535630,
  304852099,
  304860618,
  305022625,
  305156282,
  305238628,
  305456546,
  305622366,
  305627756,
  305640590,
  305704743,
  305851835,
  305854214,
  306152776,
  306203270,
  306549254,
  306604539,
  306787349,
  306913934,
  306959611,
  307081304,
  307275024,
  307476558,
  307515540,
  307606421,
  307625119,
  308089302,
  308161880,
  308263623,
  308451840,
  308538551,
  308554769,
  308939550,
  308947888,
  309020015,
  309028908,
  309044088,
  309212313,
  309271743,
  309335535,
  309577902,
  309603442,
  309750841,
  309845947,
  309861486,
  310604336,
  310652054,
  310682185,
  310726322,
  310965234,
  311448034,
  311448167,
  311455761,
  311517058,
  311594629,
  311811369,
  311996071,
  312040348,
  312158598,
  312188373,
  312205781,
  312456157,
  312492342,
  312554321,
  312591907,
  312643172,
  312696488,
  312750328,
  312781506,
  313042787,
  313321807,
  313702411,
  313953988,
  313987895,
  314053057,
  314303060,
  314308724,
  314320149,
  314474046,
  314718469,
  314896227,
  315088405,
  315441993,
  315607126,
  315682376,
  315830965,
  315834232,
  315840735,
  315844870,
  315947731,
  315953542,
  316030540,
  316107097,
  316457182,
  316484414,
  316518888,
  316619462,
  316863559,
  316905310,
  317019066,
  317252974,
  317296822,
  317311793,
  317357942,
  317463678,
  317553759,
  317588412,
  317591996,
  317699354,
  318119367,
  318144916,
  318152450,
  318399278,
  318817500,
  318885213,
  318885390,
  318975415,
  319236032,
  319339163,
  319562128,
  319752297,
  320097842,
  320108181,
  320478609,
  320587161,
  320661098,
  320893763,
  321024633,
  321282956,
  321524945,
  321841097,
  321966671,
  322012895,
  322167146,
  322346749,
  322471010,
  322524201,
  322976760,
  323197303,
  323290377,
  323345688,
  323638141,
  323676991,
  323750926,
  323754627,
  323827078,
  324215637,
  324333622,
  324481011,
  324543825,
  324645233,
  325061508,
  325066097,
  325902535,
  326104477,
  326138086,
  326191132,
  326487305,
  326550668,
  326768655,
  326775726,
  326844008,
  326861414,
  327128489,
  327536538,
  327626440,
  327809917,
  327993368,
  327998776,
  328332526,
  328364707,
  328508386,
  328549232,
  328552245,
  328676744,
  329049761,
  329169203,
  329248333,
  329276851,
  330110521,
  330476833,
  330493995,
  330736370,
  331121304,
  331321860,
  331631899,
  332027106,
  332118243,
  332404055,
  332480450,
  332608075,
  332665687,
  332696475,
  332875098,
  332886143,
  333205710,
  333258388,
  333273205,
  333339349,
  333701344,
  333935438,
  333937391,
  334219653,
  334295339,
  334310358,
  334673394,
  334764240,
  334786839,
  334907613,
  335092910,
  335190790,
  335399511,
  335509097,
  336096239,
  336184373,
  336434532,
  336838191,
  337042349,
  337484829,
  337608489,
  337974778,
  338229551,
  338256688,
  338274957,
  338333909,
  338520727,
  338827311,
  338990869,
  339171632,
  339290337,
  339488833,
  339535808,
  339934541,
  340106551,
  340165445,
  340257403,
  340437650,
  340673677,
  340722641,
  340761364,
  340985930,
  341048766,
  341132434,
  341157899,
  341268925,
  342511386,
  342666661,
  342787110,
  344078305,
  344242201,
  344626752,
  344695201,
  345462173,
  345474759,
  345826185,
  346197468,
  346321328,
  346469600,
  347017873,
  347373789,
  347486281,
  347490521,
  347537895,
  348048631,
  348140560,
  348494132,
  348742235,
  348872542,
  348894168,
  349043113,
  349058762,
  349224448,
  349226651,
  349304637,
  349598285,
  349627008,
  350674652,
  351208801,
  351674567,
  351688385,
  351837696,
  351853157,
  352389088,
  352504464,
  352701906,
  352891110,
  353229869,
  354004553,
  354084560,
  354511239,
  354520209,
  355178051,
  355412655,
  355848042,
  355910166,
  356437126,
  356450808,
  356870284,
  357375533,
  357430529,
  358158808,
  358377584,
  358657692,
  358869313,
  358882398,
  358966009,
  359181652,
  359230810,
  359444105,
  359463651,
  359540954,
  359648330,
  359864626,
  360458233,
  361615300,
  361894799,
  361952106,
  362149679,
  362204189,
  362472414,
  362624957,
  362988278,
  362990283,
  363206319,
  363399858,
  363473442,
  363548827,
  363574921,
  363621562,
  363931396,
  364058128,
  364218783,
  364574568,
  364669343,
  364804763,
  364834874,
  365030809,
  365044453,
  365182163,
  365341776,
  365356990,
  365501035,
  365609856,
  366044627,
  366734049,
  367457855,
  367484683,
  367754175,
  368059592,
  368126077,
  368344031,
  368359453,
  368483018,
  368516858,
  368646463,
  368689326,
  368732233,
  368776064,
  368849228,
  369045418,
  369105874,
  369515040,
  369755372,
  370020534,
  370259170,
  370278239,
  370620825,
  370771899,
  371079108,
  371379320,
  371468401,
  371636725,
  371915274,
  371925390,
  371979440,
  371993155,
  372042942,
  372183558,
  372279669,
  372719082,
  372822092,
  372968819,
  373017053,
  373237017,
  373513939,
  373546262,
  373684200,
  373793711,
  374055961,
  374183289,
  374268106,
  374797251,
  374974327,
  375708544,
  376172510,
  376230311,
  376362351,
  376391649,
  376502838,
  376559268,
  376564111,
  376596459,
  376612262,
  377306821,
  377517707,
  377711659,
  378035504,
  378275390,
  378337917,
  378735151,
  378881839,
  378958359,
  379015699,
  379058733,
  379511931,
  379581338,
  380692557,
  381761877,
  382059579,
  382502092,
  383784125,
  384159337,
  384256511,
  384959422,
  386317542,
  386818227,
  388914335,
  389164045,
  390590450,
  390762797,
  391896493,
  391962002,
  393032757,
  393282776,
  393325001,
  393854022,
  394517960,
  395455882,
  395853437,
  396956893,
  397207901,
  397694261,
  398460983,
  399467850,
  400138779,
  400250482,
  400266811,
  401961397,
  403591198,
  406040968,
  406735179,
  406837633,
  408755740,
  409385271,
  410580761,
  412798916,
  413433503,
  414853495,
  415460330,
  416269742,
  416447952,
  416558222,
  417665557,
  419599911,
  425221903,
  426091449,
  429055264,
  433382467,
  435160931,
  436686459,
  436714877,
  437565154,
  438736030,
  438951699,
  439786471,
  440362548,
  441641105,
  444231259,
  445110411,
  448226940,
  448632980,
  1379227916,

438406948,
409612173,
407388331,
393862075,
403444437,
281290949,
178265320,
406660651,
119389927,
421037762,
454534401,
489789218,
480243632,
143131342,
375955235,
354614403,
166107040,
334522696,
209230617,
499434653,
421998859,
382725082,
496957768,
526387104,
544551445,
480372881,
423516698,
479913393,
366501826,
418972917,
436261643,
495853126,
425660064,
533252757,
450790610,
203810927,
491256332,
522809669,
339557860,
485050203,
493128105,
528833224,
299009043,
288718600,
331458961,
203562466,
338027472,
547135699,
548213322,
394627063,
460867317,
382732642,
418084061,
543600619,
1080505,
511465296,
455290714,
460867317,
535405305,
296598488,
444760193,
464826508,
414556512,
526036226,
510420131,
510886869,
489379371,
489379371,
501578206,
309335535,
527206064,
352944743,
451946873,
292311226,
456699094,
430572275,
550081219,
396134216,
298022208,
493128105,
317390054,
396425302,
313404872,
543830526,
569554467,
490734256,
487092112,
514960067,
400529386,
53150490,
53150490,
86508363,
533458472,
389534312,
543830526,
448296118,
464840722,
28104379,
521189162,
420739581,
436366647,
535616726,
532900242,
517796164,
412398416,
381546593,
429718394,
436366647,
487822095,
124047454,
513262783,
552993329,
485452205,
246663827,
355777227,
397548075,
540227482,
557290204,
89822276,
286416450,
531993887,
513608963,
330721516,
199731893,
164584235,
370142683,
289978801,
490416778,
511939115,
219195982,
465266902,
525618840,
414000276,
484112756,
511812087,
571443928,
463280717,
509866050,
540241455,
448694174,
495386356,
511313774,
567650539,
400351439,
544235552,
449342732,
245787054,
290495930,
247556916,
487152296,
384095486,
482298933,
422771196,
598347284,
422771196,
413514904,
402519169,
325622049,
433562324,
507361337,
562798248,
432321839,
245007727,
515078878,
565498425,
374406417,
560902850,
577368513,
373479388,
90361374,
581550869,
563538017,
321817345,
465777961,
450327770,
474927708,
523854410,
530720831,
514743850,
340376517,
573947930,
591576768,
517251191,
573947930,
596052673,
573111705,
375954537,
460804701,
513121400,
425425506,
593695060,
503118381,
597416585,
590527832,
582552582,
302028252,
359770272,
175635756,
410324157,
497491186,
560663046,
410324157,
497491186,
598237557,
502646987,
557576927,
1080505,
415930760,
492245743,
416348276,
368303085,
356437126,
565578388,
274263852,
340376517,
501656959,
315416213,
599696668,
546558826,
334055655,
383538407,
556390095,
460824882,
439434484,
388063512,
479040881,
559025473,
401917061,
291601153,
439322696,
584167549,
562453464,
571964002,
486451954,
276391088,
470781174,
490433173,
232723899,
429598727,
455304338,
542793704,
595584542,
550688111,
512277782,
391163607,
591995293,
497128777,
316673745,
419396714,
507907216,
231149719,
454562080,
455890043,
585526524,
495464758,
184013114,
507163487,
355951589,
593403076,
459720385,
449313276,
525160208,
525160208,
139409408,
399829930,
190805136,
463666059,
489056188,
468406803,
489056188,
467594637,
211611997,
552310997,
525160208,
571457450,
279242722,
295462802,
560822148,
126277212,
596480553,
593611638,
282121644,
545289466,
466551236,
531946294,
343724315,
571955098,
594139645,
313011144,
238664298,
495748706,
595049034,
191469777,
401659127,
613342611,
522020642,
376596459,
533475398,
421998859,
473128936,
562527847,
499324818,
305854214,
284477773,
356437126,
