	366473898,
	387337263,
	356399832,
	370322473,
	379986393,
	352275808,
	383034595,
	386397584,
	392977097,
	438547309,
	346234933,
	340854956,
	333264473,
	229048040,
	265433489,
	294470909,
	392789062,
	449200596,
	386570784,
	390572549,
	283002968,
	436637557,
	366094380,
	298267526,
	385879074,
	396474895,
	343904993,
	394540969,
	339395253,
	225599670,
	286393056,
	256660504,
438406948,
446828055,
457383790,
422874979,
422874979,
243825067,
92767864,
407799889,
368357048,
494742500,
433472083,
466669570,
322955358,
492002742,
485749794,
433970456,
544562693,
396360548,
490409322,
456228392,
326649990,
334522696,
306960340,
350882088,
506883259,
454028432,
295823606,
429375242,
425864535,
433683684,
458357366,
375279043,
458644443,
454860890,
488570630,
529379337,
543399533,
534992877,
423951469,
266048331,
95906196,
453051683,
510383765,
527869470,
2964692,
357193113,
485096717,
286416450,
458559940,
434156311,
528272868,
549533576,
290789818,
426236624,
490946006,
345912045,
362980804,
469220469,
263172185,
428978862,
197130093,
279393759,
504666973,
416019480,
391717467,
399096664,
365027353,
348343981,
510995610,
492247184,
514869108,
356514512,
198933289,
388223471,
267894185,
373006094,
541300583,
493128105,
394604618,
462687226,
453566316,
524692957,
513889843,
11715434,
523367292,
474177067,
547578585,
530458150,
513261390,
558036223,
523184277,
566554479,
557719003,
414556512,
496525362,
568956144,
514064906,
147086602,
142734900,
521792476,
464485463,
546332427,
489770060,
356828402,
565839728,
558495014,
466550628,
380647803,
554788761,
542815128,
551345320,
531993887,
481833654,
551250840,
443259498,
394647210,
531915407,
584275940,
540610406,
542315979,
497023632,
573114611,
583995525,
478121820,
157850912,
518417590,
567237876,
442810543,
596358972,
454713054,
50004973,
585109181,
459391359,
596078456,
179565074,
179565074,
481711212,
348428386,
536568454,
585587783,
388922556,
572710998,
489959015,
550859609,
5773494429,
5773494429,
418561780,
418561780,
490669737,
490669737,
497964374,
560902850,
471745617,
552811603,
466844890,
584108756,
594173500,
546933518,
520721967,
587045746,
482327579,
585766223,
567481862,
449030552,
449030552,
575103299,
382861967,
447100083,
599894967,
586882517,
486257563,
556577805,
557901893,
564114810,
557055882,
556577805,
593054075,
527164778,
587581172,
588921993,
562426285,
520840868,
491076903,
554449797,
587581172,
582105755,
77831295,
485535300,
506918092,
565578388,
557696939,
509490923,
483122717,
595892412,
573350302,
567380419,
440966315,
559162334,
502177568,
558753790,
567380419,
563947641,
571222684,
484003688,
568964271,
590178387,
552868284,
590178387,
462029224,
359770272,
565489695,
493671565,
577014289,
514855458,
560304741,
535948807,
544057389,
530639737,
530639737,
596332464,
588694784,
587926008,
550257098,
494084089,
574281076,
471883698,
588694784,
539554253,
554199331,
560663046,
571707841,
477627041,
510650053,
517688501,
558753790,
525985103,
540695898,
579845839,
566393276,
558753790,
558040679,
571427174,
566393276,
582675841,
564491589,
579398020,
454646015,
587184434,
599323495,
517136097,
558274219,
497244617,
523984403,
404020562,
438839920,
383529399,
524928762,
286416450,
564445184,
576718849,
545820504,
490602461,
525091859,
509556005,
480525143,
581433278,
552564741,
492984479,
560281476,
385448941,
380670317,
454562080,
493868678,
590148226,
586035986,
573556585,
494055403,
569922276,
580186367,
521023501,
587643735,
576660400,
580694326,
458655041,
589441467,
586757043,
599889155,
591917491,
507824684,
429369928,
532967096,
584372955,
593403076,
576870166,
531719416,
549118429,
293102922,
589385620,
445868012,
583027540,
568197628,
577487616,
588307141,
530838832,
486911971,
549805233,
543259225,
529205263,
563181911,
561523072,
587309472,
511153806,
534147089,
448150680,
589415996,
589961322,
591337115,
507426751,
598007809,
588645211,
463605274,
585906237,
533295069,
533295069,
550457815,
579255007,
555713089,
593048028,
461082167,
617010600,
465367706,
550026936,
512325603,
513374509,
488269872,
562367624,
583823844,
492897484,
549642381,
576044546,
561034890,
488269872,
512665591,
613071489,
563421524,
506723039,
564813692,
606266698,
432645742,
506723039,
616246221,
437480925,
605663378,
589228894,
463605274,
499623601,
551286714,
518544665,
595344464,
485708127,
610260152,
530753756,
134239536,
344657794,
574442788,
267418616,
367807901,
370897983,
607126893,
518544665,
539976198,
385003182,
561426213,
518417755,
539976198,
561023331,
534104551,
532799326,
567598018,
570442834,
585372358,
619245021,
526366598,
575084300,
283422331,
569834508,
563775171,
608889583,
617580431,
569834508,
500035974,
563835363,
550583503,
527068756,
561824604,
575084300,
598349530,
597550213,
494483229,
560755173,
608889583,
563835363,
603193544,
610678448,
551286714,
150901965,
123767259,
576231359,
493429181,
608889583,
308225556,
69340880,
309367778,
319423435,
273540794,
596003748,
368936764,
441859552,
134096847,
107367919,
167411018,
85620028,
516868890,
