	404905219,
	429567086,
	373359463,
	429649023,
	346040387,
	248337225,
	330786262,
	305095335,
	344705675,
	129299408,
	370322473,
	219347584,
	305002343,
	368414252,
	384994498,
	383985030,
	382660070,
	394316862,
	309218413,
	376202411,
	355479299,
	331168073,
	361636823,
	348018325,
	387228467,
	386574862,
	384086584,
	169297403,
	367709039,
	352462143,
	384735816,
	379986393,
	201640574,
	401848200,
	386397584,
	311740323,
	438145462,
	438547309,
	398758401,
	380441930,
	356471516,
	346234933,
	251242385,
	398098138,
	417331865,
	310307496,
	443405517,
	390713010,
	386570784,
	294172760,
	13471410,
	198591417,
	400174,
	320587012,
	385879074,
	339119807,
	396474895,
	395615336,
	266131248,
	194848998,
	343904993,
	382016201,
	378516729,
	339395253,
	225599670,
	27840971,
	90497379,
	365755813,
	260278790,
	361212464,
	326141855,
	206605339,
	168855613,
	181340741,
	231372125,
	275730835,
	331827891,
	283113488,
	326300388,
	281803847,
	391637439,
	316834224,
	200104509,
	329599373,
	364903985,
	369774288,
	249533770,
	373040514,
	320553739,
	283676709,
	482591600,
	286393056,
	208980798,
	373643637,
	106565255,
	158077585,
	391794666,
	119204479,
	285521627,
	182160077,
	280490880,
	30225518,
	222418348,
	363075689,
	353113141,
340487995,
446828055,
